,Date,Price_elec_data,Price_gas_data
160,2010-01-05,42.18,43.79
161,2010-01-06,43.53,42.02
162,2010-01-07,39.95,36.98
163,2010-01-08,41.12,46.53
164,2010-01-09,43.5,47.61
165,2010-01-10,46.4,55.14
166,2010-01-11,58.03,62.54
167,2010-01-12,48.43,53.73
168,2011-01-01,46.47,54.6
169,2011-01-02,51.41,59.6
170,2011-01-03,50.88,55.85
171,2011-01-04,50.27,58.0
172,2011-01-05,50.82,57.17
173,2011-01-06,47.96,53.3
174,2011-01-07,47.36,58.32
175,2011-01-08,48.32,58.19
176,2011-01-09,46.83,62.44
177,2011-01-10,46.15,58.23
178,2011-01-11,43.54,53.79
179,2011-01-12,42.17,59.38
180,2012-01-01,49.1,60.73
181,2012-01-02,45.64,60.27
182,2012-01-03,45.91,57.64
183,2012-01-04,43.79,52.19
184,2012-01-05,42.24,54.93
185,2012-01-06,42.71,53.34
186,2012-01-07,41.21,57.05
187,2012-01-08,43.39,58.95
188,2012-01-09,47.6,67.18
189,2012-01-10,49.0,66.4
190,2012-01-11,49.76,63.96
191,2012-01-12,49.96,66.19
192,2013-01-01,51.44,67.98
193,2013-01-02,62.9,73.38
194,2013-01-03,51.3,65.32
195,2013-01-04,48.89,65.16
196,2013-01-05,47.31,63.37
197,2013-01-06,48.73,66.09
198,2013-01-07,47.31,63.9
199,2013-01-08,49.63,65.74
200,2013-01-09,48.22,68.35
201,2013-01-10,53.05,71.05
202,2013-01-11,50.81,69.18
203,2013-01-12,47.67,62.31
204,2014-01-01,45.15,56.95
205,2014-01-02,44.41,52.5
206,2014-01-03,41.77,47.46
207,2014-01-04,39.62,41.63
208,2014-01-05,36.67,39.12
209,2014-01-06,35.46,39.7
210,2014-01-07,37.95,45.04
211,2014-01-08,43.28,51.33
212,2014-01-09,44.81,52.95
213,2014-01-10,48.43,58.58
214,2014-01-11,43.96,50.28
215,2014-01-12,39.86,47.88
216,2015-01-01,42.86,53.03
217,2015-01-02,40.91,48.24
218,2015-01-03,43.97,44.05
219,2015-01-04,41.21,42.13
220,2015-01-05,41.66,42.17
221,2015-01-06,42.2,42.84
222,2015-01-07,40.86,39.47
223,2015-01-08,42.04,40.27
224,2015-01-09,40.29,39.13
225,2015-01-10,38.01,37.33
226,2015-01-11,35.07,33.48
227,2015-01-12,36.95,31.58
228,2016-01-01,33.85,29.85
229,2016-01-02,34.76,29.3
230,2016-01-03,34.37,29.37
231,2016-01-04,34.61,31.27
232,2016-01-05,37.51,33.76
233,2016-01-06,38.4,36.16
234,2016-01-07,36.51,28.82
235,2016-01-08,51.13,37.05
236,2016-01-09,56.03,48.05
237,2016-01-10,67.54,48.71
238,2016-01-11,49.87,51.51
239,2016-01-12,53.37,54.09
240,2017-01-01,49.49,44.86
241,2017-01-02,41.99,40.9
242,2017-01-03,42.1,39.29
243,2017-01-04,41.24,37.27
244,2017-01-05,39.68,36.6
245,2017-01-06,43.05,38.56
246,2017-01-07,43.34,45.41
247,2017-01-08,47.17,46.45
248,2017-01-09,46.68,47.6
249,2017-01-10,51.45,56.3
250,2017-01-11,56.18,56.32
251,2017-01-12,50.84,47.63
252,2018-01-01,53.68,52.67
253,2018-01-02,56.79,48.63
254,2018-01-03,50.74,52.63
255,2018-01-04,54.25,59.0
256,2018-01-05,54.0,53.71
257,2018-01-06,57.61,58.34
258,2018-01-07,61.94,69.52
259,2018-01-08,67.69,72.63
260,2018-01-09,64.76,64.88
261,2018-01-10,62.19,66.26
262,2018-01-11,64.32,62.63
263,2018-01-12,62.55,54.06
264,2019-01-01,50.27,44.89
265,2019-01-02,44.96,36.05
266,2019-01-03,43.87,34.07
267,2019-01-04,41.35,28.28
268,2019-01-05,39.4,24.18
269,2019-01-06,41.86,27.93
270,2019-01-07,39.62,30.07
271,2019-01-08,37.32,30.65
272,2019-01-09,37.74,36.09
273,2019-01-10,46.04,40.84
274,2019-01-11,39.94,31.84
275,2019-01-12,35.93,25.34
276,2020-01-01,32.04,22.93
277,2020-01-02,33.22,17.0
278,2020-01-03,24.01,13.24
279,2020-01-04,24.13,8.34
280,2020-01-05,28.42,15.97
281,2020-01-06,31.28,13.46
282,2020-01-07,37.88,24.33
283,2020-01-08,45.3,34.26
284,2020-01-09,44.65,40.91
285,2020-01-10,46.83,41.68
286,2020-01-11,59.57,55.82
